1
182 182
01100110001001100110111100101001000011110110101101000000111101011010100000111011111110101110111010111000000111000010001001011000011001000001000001101001000010110101111001001110000001
00110110111011100101011001010001000011101000001001101111111111010011111111001000101100111001110010110001001111100110001000011000001111000110001101101111100010101110111111110011010010
01100000100111001011001101000110010000110001101010101111010100100010100011010011100011001000101100100010100101110001100100110000011111001001111100101100111000100011001000100001101010
00011011011100011111010011110110110110011101000011011010100011010101110110111000010011001100111111111001011100000000001101010001000100101111100011110011000100101101010001100111000111
01001111111000000001100111000000011001001000001010110010011011110001111010011001011100100000101001010010000011101000011111101011101010100000101101111111000110101101100010100000000000
11000011100111010111010001100101011101110010101101001011110101000000100100000011001111110010001111010011001011010111000111001101010000000101100011100110111011101100001110111111110111
01100000001001000001000011111001111110011000011001011011011001100000110011100000001011110010011110010011110101111101001101110001111010000110101001001011111011110010001000001000110111
00010100010000010100111110100111110011011100000111111111000010011010100011100111000101110011010111110010100000000110010010101001110000010111001111110001010101101110010111010011000100
00011100110001011001110000110001000011001011111001011001111111100000111110001000110111110001001001011101110111001110001111011111100100010111101001010000110100101001000011111111111111
10010000000010110010011100110011001111111011001000010101001000111010110100000011001110100000101011100001101110100011110000101110110001000001010001101111010110001101110011101111110011
11101010001000100000101100010010101001111111110011100011001000101100100010011010011101010101010100111001011000100100110001011000000001001111111100000100110110111001101000010111000000
00001100110101000000101110110100000000101000010010101110000101010000000100111010111000000100010011110011010011111110001010101100001110101011001010110111110000000001001111111101000011
10000111110010011111110000000111001111111010001100101010001110111010101111100111011001010101101110111001110110100010100000111100111101111010000011011110100110001010101110110010111101
11001011001100000100101000111000101001011010101000110101011001011111001110100101010110111100100110010000101101000001100110011001110000001100111101011001111110010011000111110110000000
11011000101001011001111111111011100000100101010101110010010100011000010110110000011001110101011011111100101101101110111110110001101110111000101010001100111100101000110101100001011011
01011001110111111001000001010100110011011010010101111111110101101101000011010111010111100010000111110110101011011101001001010110001111110110101010101011000011010111010111111101001001
01000101000010111011110010111101010001001110001110011101001010010011000001110101001100001001000011110001111111111101011001111111000000010101000111011110011010000100011001001000111001
10111011101011011010011010011101101111000100001101011111101100010011111000101010000100000110011100111011011010001011001101101101100010000100011101100101110001100111011100011011000001
10010010110001001111100110100110100100001010101110001010010010010001100101111100111011000011101111010010100000001111101110100110100111101101111100110010111000000100101100011011101111
00010101110011011100101110111110011000100001001110010111011001010110110101110110101011101011111011111010111110100011111101100001001100001000000010011101111000111110000110011100110010
00001111000000100100000111111100001011001010010010110110000011110001011001101011100111010100010111100010011000010001100110110010011010010010001110011010100101001100101110100101001010
11010111001101101011100110101000111101110100111111010000001011100010001011000000000101011101010001101001000011010110110110010000110101100001001101010111100001011000110010011111100000
01001000000110111010111100000110101110010101010000111110101100111111110000001001010000100100101100000110110110100110110101000101111111000100000100100001011101110011010000100100001001
10111010001101001111010101010100110111011100100010001110000011110010110110000010110000101001001100000110110001101101010011011101100110100111001111011100011110101010000110010000010100
00000001000100001000000100001101100010011101001000111010101100101100111010110110010001010111011100010011011010001110101010111011010111000100011001011011010010110101110101000111110001
00010110011101101101110011001101101111101001010110100101101011010011010110101010011101011111000110111000110010110010011010010100000000011111010010011011011111110011111000000010101000
00100110101110101000000010111011000111000011011100011101100111000100100010010011010001100011010100010010000011010001011110101011100110010100000111110111010111101110110001010000000100
10101011001100100111011100000001100110001101101010000001110011110101010111010100101010111100011100100000011110000100000011010111000110100011000110011111111011000110101110010001010110
10000101010001111101011010100110101111011101100000001101110010100010101011000001100110000110011001101011110100110001110100101000100101011000101000101011010101001111000101111000101100
00100100101011101101111010101011100110001001001010010000001010010011000101001011010001101010101110000001101011011111110001111110100100011010011000010000110111011001100111101001001000
00001010100011010011010100100101111010100000000100000001110110110100101101111011101010101100001100100010011000100100101101111010010011011000111000001110111111101100110111110001011011
10011111111100110101111101000110010010010100111100010011010111000100111110100010101111100010110000110100110001110010011101110101011101000010101101001111111001111100001011110000011000
11010111100110100000011011101111000111011001001001101111110100001111111110001101001100011010010010001100110110111001001101101110111111010110111010010111001011001010000110010111011111
00010100111010000011010101101001110111101001010010000011010110100001010011101000110011010110010010101110010000001010001001100001010001110101000010100111001001010010001001011010010111
11101110000010010011100010101101011011001110111100000010101100110100110001101001011011101011111100011111010010110011010111001101101101010011001011101100110101000110001001011110101101
10100001000010100110000000110100010001100101001111111011010101101000110011010110010100110111111001011101100010000011011010110000101010001000101000010110001000011011001010001111000101
10110111000000000000100000111101011100100000100101000011101101110111011111001010011101100100011101100101111010010100010111000011001000001111001101100000100111101100011001101110110000
11110011100010110011100111011111001101001100111001100100101111111100110111011100001110010001011010000110001000001000100110011001101100101001110110111110011111011010110100111111101010
00100110000011000010010000011100000011000100111100101111011111010110010110101100011000010010010100010001010001000111011001001111110010010011000110100111110101110000110011001110000011
00101001001011110010100101011001110101001110110100110101111010110101010000111100110101100011100110010010000011101111111010110100000010001001010001011001111110101101011100000011001111
10111000000010001011111111010011100100101011101000111111010011010011011010101111010100000101010110100110010110101000110100101010000100101100001101010001010001001100111110001011100111
10111000111100101101001100101000001010110000111100011000111010001100110110011100011101001111111000011010010010010100010010100010001011001000111011001010000110100001101011001101000000
11011000001110001000011110000010101001011111011001000011111101100101111100001000111110111010110111111110101000011000001110000010001000100001110101011011001000101110100100101101111100
11000000001101000011111110011011101000001101110110000011000110010000001110101100010011010010111000111010110101000011110010111111110001111101010101110111000110011011001100100100010010
11100001111110101011000101010010111001010101110111011110000000111010000111101110111110001011100010111010010100111011000010000111001101101010100000111110001001110100100001100110010000
11001111111001010011100010001001100111000101110011101010101011001001101001000000110011111111001110110101100101010101011110101111110100101000010111001011001111000001101110111111111111
00001010100000100110010010010001101110001010000010110110000101110110101001010100100111100001001100001010100100110110000111011110100101111110100000001000010111011101010010001101011111
10011100100111001011001101100010100001000101000111001010011110001100110010110000110001011100001100101101101110100101000011110000000101001110010100101011000101011001110010011111011110
11110111000001011100010010111110011010110100010100011100000000101000011010111111101101010001011110000001101101110110000110110001000001101101010101011110111110001001101100110001001000
10010101010101111011100000111111110100010110011111000000011101001110000010111110001011111000101001001000110100000011011001001111111111011100011011000001100011110110000111110001000110
11111001111110101101101110101000110101010000001001010011010001100001111100110001110100000001111001111001011010101100101000110011100110010001101011001100100011000010011111100101010010
11100011010010001000100001011001000001010001100110101011010100110000101001101011001011101101101001001101101100111011101010100010001011010011111100111101110100000100001111011110110000
10111101100011000011010000100010000111011110110110000111011111101001110110101010000111101111101101011000100000100011010010010011000001011111101000011101111100111011110100110011001001
11011110101001101110001111001010001010111001011011111100101001110110010011000001110111110100010011010001110100001101111111001111011010001001000010111100000111100010011101010001001001
11010111000011000011100011111000110000111010001011100000101010100101100010111001101000100110110100011010010101111111101011111100011101010100000001001011101010101010101001101000001100
11111110110100001101100011010101111100101101001100011001110011011010001011010001100101010011000100000000101100100111111000001101000100001110111001110100000001110110101111010001001111
11111110111111011010100111100100110011010000110101111110100110110111110000001010000111000000011011000000001110111001100010001101101100011100001101011000101011010111001001110111001110
11011101010111111111100100001101111101100011110101000000100101100010011010010100001100000000000100111111000001111001000100000001111011111111111111001001110110011010100110110000111000
01000111000001101000101010100100101001011001100011100000001101001110101000110010010100001111100011010100100010001111110001010011111001000110100110100100110101110011010100110001100110
00100000111011010100110000011111111110111100111001110001110110010011111011000110100000010101001000011111111101110010000100010010001101111101011110001011111111100110001010000101001101
11011110110000101011011000101100010101111110010110110010110100110011101011010010000101100011001010111001101001100111101010001111110001000011111111011110110110100100111001111101010011
11111110000010101001101000101011101000111111100000111101010010110111110011010001100100010100101000100101101101010110010011100101011101111000110101010010111110101111111110110110010010
01001111001011110010011010110111101111000011010011001001111101010111010101001101000110010101110011000000010100001010011011000000110101001010000111011001010110110000010000110011100110
00111010101100100101110011011111010000111101010011010110110110001110111110001100110001000000010001000011110000011100011111011001111110010111101101111000110000000101001011111000110101
10100110000100000111110110100010111000100100011111110010001010010001011111110011111000011101010101111010001111101000110000100100010101110101000100110010110101100101010110000001110000
00000101001010011000101000000110110000000110010001011111110011011100100111111100101101011000000010001010101110010100001100101100000101011111011010110100100110100011000110010100000100
11001100100111000111111111011111011011000011000010001100110000010010110011001000011100100001001111110110011001000000101101100101111000011010001111011000110110000110101011101101101101
10101100110100100111110011101001011000000011110110010000101110000101000101101000101000110000101111001010011100011111100110100110100010000111100001111110011110101101011111000001101010
10010000100110110001001110000101100100010010011011010010111111110000110011011111110000011011011110100111000110100001110000000010011000101110100101111000011111010011001100100010011001
10010010010111000110101000011110110111000000001101110000101001010111001000011101100001111110010100010011001101111010101010100111001111011101011000011001000010110111100111000010001011
10010100111111011000111101010110100010100101011100011001000001101010010010111111000001110000011110111010110110111011100011101100111011101000010100101010101110011110111000000001110001
10101101101110110100101000010101001000110111001101001100110001001110010101001100101101100001000000000101101011100100110001001001010101110111101111101010011011001011000110010001010000
01100010000000111100001110101011100001001111011011110111010100111111110101010110101011000101000100111010000000111001100101110111001101111001000010001000111001010110000100111010011001
01101000010000100101011111011010101100010101101000010001101110001100001010111100101111110100110000000100000010011101011101110010011100100011001100010010001000110111001000101100100001
00100000110001111110110111011000001100101101101110100001001111110101111011001101010110010011101111000100011010000011010111010000010111000010010111000010110110011001101010101100100110
10000101001000010010000111011010110101100100001100110100000011111010111011010101101100011010011101000111101011111101011100110010000000100011011100111001100001111111010010001000000011
01010010001111110111010000110100001110010101011001001111101011110001111111110010100010101010110111011001001001101100011100101111010110101101001101010011001000000010010111001111101101
01011001100000101101001001011100111010011101111011111011000000101101011111011010101111001011111000111000111101100000100110001010000001010010110110000011011110011100101111010011001110
01011010001010110000111111110110001100111110111001010111001011111110001000010000010011100110011101000011100000011001010100001100111011100110100110110011001001000001111000000101001000
00110100100011100001111001011101011010001001101110110111010100111110011001110111010110100101100101001110010011100101010110110100111010110100000111001101010101010001000111111111000000
11111111110000011110011101100110110101000000011111111011111000110101111000010110010011011100010100010111011100010001010110101110001000111001000000111001000100001110000011110000111001
11101001010010001101100101110011001010101001111100001110011000111000000010111100010011010101111111010100111100001111001010100010011101101011000000100111111101011111111110100001100101
11101110001000001101110100010100100111011010110101101100010001100001011111011111011010101110100011011110110100001011111001110111111010100110101001110010000010010101001110010100001110
00011001010011101000010111010011000010110010010011101000001010110101001000110101010110010011100010001111010111110000111000001100011101110011100101111010100011110110110001010110001010
11010001010000110111111001110100011101001111000001100011100001011100111000111010101110101000101100000000010110100011110100001011111010000100101000000100010001110011010110010001001101
10110111100110111011010101001101100111010110000000101000100001011100011011100110111011010000010000110101111100111011010010001011101011110100111000011101000111010010101111010100010110
10010010100001010011101010000001011101111010000101010011000100001010000110111101100101011000011010010011110100001100000101100001010100100000111111011011111111001100101100111111000110
01001011010000111011000000111010100100111110000001011101101111100101100100001000000110111011001100101111110010110001011011000101110100110011010101111001101010100111010001000101100010
00101011101010111000000100000001000110001111111001011101100110000011111000110001001100010101101010010001101000000110010100101110000001101111101001111101111000001011111000100011110111
11101001100010001100011000000011001001010100110001110000111100110010001011101100100000100111101111101110001001010011101111000111100001010010011111110011111111001110010010110110101001
10000001111001110001011011110000011111010111111011110100010100001001110101100000101001010110110110101010011110100010111010111101010101011100111010011111000101011011011101000111101101
01000101101110100010111111110111100011011111111001010100111011111000110111001100110101100010110001000001011010110001001110110000000101011011111110000101011101000000011100010011101101
10000000000000110111101101100000000111110001100101110011010100011001011100001111111110001110111001001011111010110001111111101110100010110011110011111011101110001000101111001101110100
00000001010001110101011100101111111100000011010100101010100001001001100100011101111100101010100100001101011011110011100011100110111110010010100101001001100000001111011000101110101010
11101010011010001111101001101101110010111101011100001001001010100010000111010001011110001010111110010101100101100011010010101101110100101011010000011111011010001110111100111011001000
00010101010110000111100010110111110100110110100110111001111101111010011100000101101000000111110100101100101001110001001101101110001001001110011000000100001111100001010111000110011101
01001100001010000100010001010110100110101000001111101111101011011101111010001110011101101110101010111110010011111110101111111000110101001100101000111000110110001010001001011110001101
01001011010000101111110011100001000110110000001110110001001100100001101001001111100111000101101010011011111001110101001100110011011110000110001111011101101011101111010010101001011010
11001101100011100101000110100011011001010110010010110100011110010011100000110010000010000011110101101111010000101011101000010110110111110111111010111010101010100001011111111100111000
01110010000101011101001111010101111001010101111100001101100111101011000101100011111000001100100110000101010101011000110001101100110111011110010111100000110110100010111110110111001011
11110000101100011011111110111110010101001101011101110100111011100110011011011101101001101011011111011011101000011001011111011000000111110011010010110011110011000001011010001100110001
11000100110100001001100101001101110100111011110010011100011110100010011001000111100001000010100010101011101011101100011001101010101101011001101010001001011011110101000110100010010000
10001011011000011111010110001010100010001000010111101011111010010110001101101000110101011011101111110110100000111100101010111001000111001000101011010111111001011101001000001110001000
11001000101001011000100011111000011000110000100010110001010001101110010110101011000000010001101010000010101111011101010000100000001110011011110110111010001001000101110100101111000111
00111011100010111110011100110010111001011010111110001110110110100000111111010101111111100011000111110101001111001010110100110101101101010110110111001100110101101010100111111100011101
10111100011001011111000000100000011100110111110100110011000111011110000110010100001001001001011001110011001000110110111110111110101100001101111001010001000111110010110010010011101110
11100000111001000001101100010101110111110111000000010101001110111100100010010100111101100000001011100011110111101010100001000111100010110100111100001010011000000001101000011111100101
11101100101100100111110000011100001111010110110000110101100101010010010000110001100011111101011110001101001111010101110101111111110001101011000100100001101100110100110101011100111001
10110111011100000101110110010110110011001000001111100011011101100111011011010101110110111100011000010111110111100111010101111010101001100001111110011111010000110001111111010111010111
10010001011111010011001101001001011011111111100010000010110000111011110110100100010100111001110000010110000100000011110101001100100010100000011010001101000010110001111010000111111110
10001101001111101011000100101001111011010100110000111001010101100000110010001010000110010000101100000110001101010110110010010111110001110001101101001011100000111010001001011001100100
11100001001001000011011000100110100100111010001011010110010010000000000010110000000011101001110110100011101100100100101111101000010010101111001110000110011111110101110111010110110101
10001000100000100001010000100100011010101001111010110001111001001001010111110101000000011010011110100001101010000001111010000100110110000100000110001010011110001110101110011100010100
00010011101010011000000000101011111101111011010101011100010110100101100100001000000100010110011110101011101000010001001011011111000101110100101100000110100000111001110000000001011101
10001010101001100011111010100110100000000001001111110010011111111000111000010110010101011100011110010100111000010111110000000110011100101110110101101110101100100010011011011011011110
10000110000110111111011100011110111110011011000110110011010100000111110011101010000110011110011111110011111010011101111010100101010110011110010010010010010000011001010010011110000001
00110010001100100100111011101101011001001011001111101100100110101110001001010000100010100001111100101110110000010101111011000011101111101010011111010100000000111011110100000001111001
11111101110100110100011111000110111100110011101000110011110101110110100011011110111111111011101000000001110010101010100000011010001011111101001100101110011111001100101010000000001100
01100011001000000101000001011011000011110010110110000001111111101011110001000111000011111111001001010110101000010100111011111000000011011000111110111110100000011011111000100001100000
11000010100111100101000111000111111011010011100110000001101011111011101010011110001001100100100100010000001011000000010101110001001111111110101011101000010101100111000000101001010001
11010111010011001101011100101000100010010111110110111001000000001111000101101001111110110110000110010100001110110110111101111011110100111101010011001111110110001010111101110011111011
01101011010101001100110000010001101000010011101010101011000101100011100001010000110100010100101011010010100010111111001011101110001010000100111110100101011110101101111000011001010001
11000101110100110000110101101000000001100011111011101101101110000100111111001101101011100001101011101010011101110001010010100101111001000110000011101111010001101111010101001100101001
10000011010100000001100001010010001101110101101110001011110010101011110111001000101110001101011110011110110000101101111110111010111101001100100000001100110100001101010010100100111010
11110101100010010101000011011010101001110010110100110100110011110100011001010001110010011111101000101101111000000001100010000100110000001010110000111111010011010101010110100101000110
11110011001011001000000000011100000110000100111100011100011100101111000100100110011100101011111000110100011100001001011010110110000100001011010000010100011100110010001010101001100100
11101000100000110110001011111111010101011101100111011101000101011000100011000101110111011000111011011100100010110111101111010010010000011101001111011101111101001110101001001010000101
10001111111101000011001010001001101011011011100011101011101011001100110110100111010100001101101010110111101011000101011100110001001111000011110110111110001111100000001100000100010101
00001010001001101001110110110110001100110010110101010101000000011011011100011011100100110110100100001010111010110001001111100101111111100010111100011111011101001010010111100011110011
01001110101010011001000010111010011101000100111110111000010100000001000101010110110010011010000010110101010011100110110100000000110101100001111101001000001010001101110000011001111100
11110000110101101100001000100111100110100101000001110101011101010010001001001100010101001101101011000011101000111111011001010001110110101101111011100111010000110100110010001110101101
10100000111001110001100111010101110011100010000000000110011100110100011110011010011110110100011000001000100111111101000011011110000101001011100001101011000000101111010000001101100111
11100101101011110101010100100011010111101111100101000000100101101010100100110011010001110100110001011010000010001011100000001010001100001111110101000101011101000001011000100101111010
01101100111010011111011000001000110111010111001111101101100011111100101011011010111000110000001000001001000001111100110101001111110100100100010010110100011110011101011110101100100100
01000011110011011100111000011110101100011110010011000000001010101000101110110111010010011001011111011111010101010110011001101110011110010001101101001010111001011110100111000011001011
11010110111100111111101100110110000110011000000110000110001101100010111001111111011011000011010101010000100011111101100000100011100100111101101010101010010010010001101110111100000000
00101000011011100001011000001001110111000100001111011000010001110110000101101101011110111100110000010011001001010110000001101001011000000001010111101000101111011100101100000110010001
00101110001010000110101110110010000100000111001101100010110000010011111010111110000000011100001000111011011011011010011011011101110000110010001101010001010100111010111001010000010100
11011001110100010010100110100001110111101010011111100011101001111000000011100110101111000101101001111000011010110001010001000000010111101010110010110111110011111001110110000000101101
01001011100010101101101101010001100101011111100100111111101100011111000110010110010010011010011000101101111010001111111000000100100010011000010111110100101001111001011101111010111011
10111000011000100001000110101111101110110110011000001011000101100110111110110110010110001011000010001001110001101110010000000000100011101110101000111101001000101011111011010000111011
01110111110100001000111010100111100011110011100101000101110001100111010001001111111110110010011111010111000010011101110010000110111001111000110011000110111001110101010011111100101111
01101010100110000011011101111110001010101001010010000010000110101100111011111001100100010011000100000011100101011100010010101100110000001101000001010111001011100110000100110011110100
01101111100001000110101010100001001010111100100001011101111000101001110101111011001000011011101111001101111001101111110100011011110011110001101111001001011111001100001101101111110100
00101010111111011000010010011100011100100010101110000100010010001110011000101000100001001001011111110000001010011101000101101010000010001101101011101011011001011100011001010000001101
11010110001101010010000011100101001000101111000110010111000101110000100111111100110000000111000111110011100000111001000011100000001001111110101011010111101100101110000100111011000011
10011101100010000011000100010000001011001111000001111001110111101111000100000101011010100100000111110001010111000110110010011101001101010010110110010000111010001011100011110100101011
11000111010110011001110110101011101010001111001011101110111010010100110000100010111110101101010000110011011101010100100110110010000011000111110011101001110100100001111000001101010010
11010010100111010101000101000101101011100011010010110000011011011001000100000000011111110000010101010110001000011100000101001100110011100011110110111001010110011001011110001011100100
10101000110111101110010101110011101000011000011101100100001100010110010001011001000011110101110000101011100000010001100000100011110100101111100110100101011010000101010111011001010100
01000001100101000000001110001001110010100100111000100110110011011011000000011101000011011100111111111111101110010100000010100001010100001000100111110111110011101011110101011111010111
01100111010001101111101010100011010001110010001000111101001010111111001000111010010111101110000111101000101110010010000110000001100101000001101110011111001010000010001110001101111010
10010010011101111010111001000001000010010001011000101011110101000100010001111011000000000010010001101101111101111100111000110001111100111101110110110010011101101000101100111010110111
11101111011100101010101111100110101010010100011010110101100011111110100000011100001000100101011001000100000101010110100111100101001110011001100010101001110001100111111010010010101000
11000101001100010001101011101100110000100000110101011001011010001111000111010010000010100100101100101100001101111100111000010011001011111000101011111001000010011100100010100101101110
10111010101000001001101110011111001100010111011011001000011100110001101010111111100111000010111000101011010100111011011110100110110110001000101100101111110110000010000111110011010110
00011011010101101101001100111010011100001100011101000100000110000111101101111100111100110110010100101010100110000110101101010001100001010101101111000000110101100001000100100000011111
11010100100110011011000001001010011100100110100100000001101001101011111000000000010111001101000100010100001111110110010011011111110001100010010110100100001011110110100010001001101011
00110010111111011100110001111111101001100000100111111010011010111110111001001011010001100000100011000000110101110010001000100001000000000011111110000100001110011110100001111001101001
10111110110000001011011100010101101010001011100100100010110100100111001001111110101010100110111111100000001110111110111111101011101000111001010110010101010101001010000111110001001101
11101000010001111010000000010001111001011100011111001000000011100011010001011111000011011010010111001111111110001110010101000000001110011000110000000001001111110000100010011101010100
11011101110011000100101111011011101011001010000011101110011001100011110110101111010100111100011100010010011101110100101100000011100111101000011000100100110001011110110100000100110111
10111010010111000001011010100010000101010101010011100011101100110001001010001101001001110111000100010101011011001000100101100101011010011000010000010000110011100001111100101001010101
10000111110011101101011100110101100110011100111111001100111111010011001110111011010110101010100110001101001101111010001111001011101110101011101111111110000110110101110000111011000001
10111110110110000001110101111110001001111101000001100111101010100001010010110110000011000000000011110000110111001111110010101001001100001101000111110011011110010110001111110110101110
01011100000001011000100011111100011101100101000001010100100101101110011000101001101000011001001101111000111000110101011001001010101000100101000000010110100101110110111101000010010011
11010110101000010100110000010011110001000000011000100001111100011101100111010000001100010000111101010101111101001010010110000010010010111000000110101000101010100011011000011101111000
11001101010101010001010010101001111010011110111001100110011011101010100110000010010110000001111000110000110111110101110110010000000110110010101000000110010111011000110110010111111001
00001000100101101001111101001111011001011101111101101001110101111111100111100000011111001111101011011111011100100111000101000011010001001001010111101000101011010110010100001111011010
11110011011010101111111001111111110111110011011111011101100111101000100011111011011001011011101110010101011011000111010111110001101100111000110000011000101011100101101101001000001010
10111101100100100111101111101000001101101000010000001110100010111100100010011001101010001011000001110110010010111000100001100000000000110011010011001101010110101000111010100101100100
01010110110101110110110011111001011100101110111100001000001111110100100001101111110100000101111001110001000101101111111000100101010101000100100101000010001011111000111101010000011001
10110101011100100111100000011101011100011010110111101101000110011011110101001111001101101001101010101111000000101101010001110000111110011111111111011110001001100000000000111001000101
10010010101000001100001001000111111111111011101111011000110000001001001111111101011111101010101011100110011011011101011100100011010101000011110100110111111010010000110011110101100000
10110110001000100000010001010001111100010010110110001110100111001010111001101000100110001101110010010101100011011010010000000111100100011000000000000000100011000011110111001111111101
11111000010110000101111001001101010100001010000000000100111111110101011111100101100101100000110010101010111110110110110001100101000010001100011001101110010001111110001001101010100100
10000100110001110100100110101101011001100110101101101000001101101010010010011000111101110000111000001111010000010111010110000000101100000000001010111000100110010111101111111011100110
01100110010101100101001001010010101001010010000110110010010000010110111000000001110110110101001001001110000001100001001110011111111011010111100000100011001101101011110100000111000000
11111101101010111100010110011011101101001100001010101000001011101111100101010101111111011001011011010010110000000010001010000110000110111011100111111111101111001111100100100100101100
11100011111100011001110101100001001111001110001001100000010001101001001010000010010111110000000001111000111001111010010101001101010100110011101110101010010101010111101010110010011100
00001110000000010111100111001101111100010110101000010100001101101001011011100000001010010011000000100010110110010101110001111011011001001011011000110101111111010100100111000001000100
01111110000000000011011011001010010000110001100100111001110100001000010000010010101101001110000010000101100111001001111111011111111000011110111100110111100110110000111111010001100111

